84853170001
84853780001

84854490002

84852670010
84852910010
84852970010
84853890010
84853980010
84854580010
84854750010
84855490010
84855590010
84855750010
84856240010
84856280010
84856390010
84856670010
84857480010
84857490010
84857590010
84857640010
84858050010
84858460010
84858540010
84859190010
84859490010
84859980010

84852560013
84852590013
84852750013
84852760013
84852980013
84853080013
84853280013
84853290013
84853350013
84853480013
84853690013
84853840013
84853940013
84853980013
84854280013
84854460013
84854790013
84854940013
84854960013
84854980013
84855390013
84855450013
84855760013
84855780013
84855790013
84855840013
84855940013
84855980013
84856450013
84857160013
84857180013
84857270013
84857360013
84857450013
84857460013
84857480013
84857670013
84857780013
84857790013
84858270013
84858480013
84858560013
84858690013
84858740013
84858790013
84859070013
84859080013
84859090013
84859160013
84859290013

84852780014
84852990014
84853480014
84853580014
84853650014
84853890014
84854680014
84854690014
84854800014
84855440014
84855490014
84856150014
84856470014
84856680014
84856890014
84857150014
84857740014
84857990014
84858390014
84858440014
84858470014
84858930014
84858990014
84859730014

84852690016
84854690016
84854960016
84855490016
84856590016
84857170016
84857590016
84858690016

84852590017
84852650017
84852670017
84852730017
84852750017
84852810017
84852830017
84852950017
84852970017
84853050017
84853060017
84853080017
84853160017
84853180017
84853190017
84853270017
84853410017
84853470017
84853480017
84853490017
84853640017
84853650017
84853670017
84853690017
84853730017
84853760017
84853770017
84853780017
84853830017
84853860017
84853870017
84853890017
84853960017
84853990017
84854040017
84854070017
84854090017
84854150017
84854180017
84854190017
84854270017
84854310017
84854370017
84854380017
84854390017
84854480017
84854550017
84854590017
84854670017
84854690017

84853100018
84853470018
84854850018
84857290018
84858990018

84852640020
84852750020
84852840020
84852950020
84852960020
84852970020
84853140020
84853360020
84853390020
84853470020
84853560020
84853590020
84853870020
84853930020
84853940020
84853960020
84854070020
84854150020
84854160020
84854170020
84854340020
84854380020
84854450020
84854460020
84854490020
84854570020
84854780020
84854850020
84854890020
84855170020
84855260020
84855290020
84855320020
84855350020
84855370020
84855490020
84855640020
84855740020
84855780020
84855840020
84855960020
84856170020
84856230020
84856260020
84856290020
84856340020
84856460020
84856490020
84856590020
84856640020

84852580021
84852590021
84852730021
84852740021
84852750021
84852770021
84852780021
84852830021
84852840021
84852850021
84852860021
84852870021
84852930021
84852940021
84853080021
84853150021
84853160021
84853170021
84853240021
84853290021
84853340021
84853430021
84853490021
84853530021
84853540021
84853560021
84853580021
84853620021
84853770021
84853830021
84853840021
84853850021
84853870021
84853890021
84853930021
84853990021
84854030021
84854070021
84854080021
84854130021
84854230021
84854240021
84854280021
84854390021
84854460021
84854480021
84854490021
84854520021
84854530021
84854570021

